W1 = 8.528462839844567e-05
b1 = 2.1252632752350467e-05
W2 = 0.08511643923679701
b2 = 0.02992025260774437

W1 = 1.1410176748725533e-10
b1 = 7.40503553742618e-11
W2 = 1.1847874350625156e-07
b2 = 4.5176065900648507e-07