W1 = 7.549649011150589e-05
b1 = 9.870929083865186e-06
W2 = 2.319613842459711e-05
b2 = 0.006935897861357597

W1 = 1.158163666153348e-10
b1 = 7.683626423409375e-11
W2 = 1.9678813554819402e-09
b2 = 4.5057612320376084e-07